41    153   288   491   778   2082  2995  3035  3902  4827  
292   1842  3548  4664  4966  5447  6334  7376  12623 13931 
1869  5436  5705  6729  7711  8723  11840 14604 14771 17035 
5537  6868  8942  9040  11323 12316 12382 15890 18467 19264 
9741  9894  9961  11478 11538 12859 16944 19718 21726 22190 
11942 15006 15350 16541 16827 17673 19629 22929 23281 23805 
15141 15724 18716 18756 19895 19954 23811 24084 24393 25547 
16118 19169 19912 22648 24626 26299 26500 26962 27446 27644 
17421 20037 21538 24464 27529 28145 28703 29358 30333 31322 
24370 25667 26308 28253 30106 31101 32391 32439 32662 32757 
